27 25 
0000000000010000000000000
0000000000121000000000000
0000000000122100000000000
0000000001232100000000000
0000000001233210000000000
0000000012333210000000000
0000000012333321000000000
0000000012333321000000000
0000000123333332100000000
0000011123333332111100000
0001144123333332144411000
0014451233333333215544100
0145551233333333215555410
1455551233333333211555541
1455512333333333321555541
1455512333333333321155541
1455512333333333332155541
0145123333332223332155410
0014123333321112332144100
0001123333215551233211000
0000123332144444123210000
0000123321111111112210000
0001233210000000001210000
0001232100000000000100000
0001221000000000000000000
0001210000000000000000000
0000100000000000000000000