49 34
7777777777777777777777777777777777
7777777777777777777777777777777777
7777777777777711777777777777777777
7777777777777100177777777777777777
7777777777777100017777777771177777
7777777777711100017777777710017777
7777777777100100017777777710001777
7777777777100010017777777100001777
7777777777100010001777777100011777
7777777777100010001777777100100177
7777777777100010001777771000100177
7777777777100001001777771000100177
7777777777100001001777771001000177
7777777777710001000177710001000177
7777777777710001000177710010000177
7777777777710000100177100010001777
7777777777710000100017100010001777
7777777777710000100011000100001777
7777777777710000100000000100001777
7777777777710000000000000100017777
7777777777771000000000000000017777
7777777777771000000000000000017777
7771111777771000000000000000017777
7710000117771000000000000000017777
7771000001771000000000000000017777
7777100000171000000000000000017777
7777710000011000000000000000017777
7777771000000000000000000000017777
7777777100000000000000000000017777
7777777710000000000000000000017777
7777777710000000000000000000177777
7777777771000000000000000000177777
7777777777100000000000000000177777
7777777777100000000000000000177777
7777777777710000000000000000177777
7777777777771100000000000000177777
7777777777777711000000000001777777
7777777777777771000000000001777777
7777777777777771000000000001777777
7777777777777771000000000001777777
7777777777777771000000000001777777
7777777777777771000000000001777777
7777777777777771000000000001777777
7777777777777771000000000001777777
7777777777777771000000000001777777
7777777777777771000000000001777777
7777777777777771111111111111777777
7777777777777777777777777777777777
7777777777777777777777777777777777